204.693
207.72
198.943
198.231
200.122
199.541
199.615
222.615
244.797
258.574
281.341
307.609
339.602
383.227
382.872
431.612
411.971
476.292
476.401
475.742
477.277
563.873
564.474
566.207
565.908
694.518
694.785
696.351
696.835
696.988
697.098
925.986
120.368
111.923
108.985
106.467
107.725
106.328
107.273
115.705
126.282
130.915
142.38
152.414
168.133
186.84
187.873
209.176
201.72
230.695
231.352
230.648
231.431
272.653
273.57
272.77
273.839
335.708
336.33
335.659
336.23
335.919
336.874
443.136
102.57
94.5727
92.1953
91.8968
89.4044
88.8442
88.439
93.5263
96.3424
98.1103
104.23
109.661
119.28
132.059
131.755
147.381
143.552
161.251
161.624
161.197
161.003
186.933
186.419
186.225
186.951
227.927
227.914
228.716
227.926
228.095
228.399
300.506
96.3431
91.0477
86.7043
86.5277
84.2628
83.5984
83.2237
83.8084
86.0726
87.0749
89.7593
92.4262
97.9477
105.797
105.563
114.961
113.072
128.078
127.874
127.592
127.899
146.085
145.934
145.513
145.982
176.658
176.688
176.242
176.725
176.501
176.633
228.552
97.4826
93.1453
87.0897
84.4802
84.1513
84.1594
84.0038
83.7843
83.0292
83.087
84.5766
86.8313
89.9825
93.6972
94.3348
100.515
99.4183
108.958
108.736
108.422
108.843
125.724
125.84
125.644
125.413
147.94
147.976
147.905
147.518
147.51
147.828
190.6
100.383
97.2911
92.1319
86.2939
82.9774
84.4886
84.2552
84.6316
84.186
83.8993
83.33
83.3491
86.2601
88.4095
89.1486
93.3578
93.7819
98.2896
98.6658
98.3965
98.4311
110.515
110.541
110.45
110.785
130.814
130.864
130.889
130.92
130.884
131.091
165.117
102.718
99.4688
93.7497
88.4984
83.3565
82.7915
84.5606
84.5156
84.4867
83.9974
83.6607
83.8921
83.6383
84.5956
84.8136
89.147
89.56
94.6071
94.2828
94.1641
94.3585
101.185
100.915
100.97
100.988
116.47
116.677
116.639
116.89
116.493
116.584
149.031
101.53
98.3483
93.7481
90.012
83.5823
82.562
81.8728
84.2854
84.1975
84.3488
84.4265
84.073
83.8929
83.9683
83.928
84.8204
85.274
89.1382
89.2925
89.0479
88.9656
95.6558
95.7901
95.7574
96.0078
107.824
108.117
107.904
107.882
107.934
107.775
134.731
102.183
99.5759
95.2912
91.4171
86.5864
83.5983
82.9814
85.9851
84.9345
85.0548
84.9985
84.8398
84.8344
84.7393
84.6644
84.6017
83.7057
87.4173
87.749
87.5837
87.6762
93.7007
93.8314
93.6296
93.4231
100.779
100.497
100.503
100.851
101.116
101.672
123.28
100.454
101.058
98.5541
95.2177
90.5702
86.3855
85.3825
87.8329
88.7245
87.8114
87.2804
87.0236
86.8877
87.645
87.5638
86.9387
86.5196
86.866
87.6984
87.3327
88.0626
92.04
91.9444
91.5545
91.588
98.5876
99.3182
99.4958
99.4602
99.9145
99.4679
116.9
105.729
103.188
101.003
96.7183
93.4551
89.43
87.6977
89.6185
90.5327
88.347
88.0585
88.2606
88.3285
88.254
88.0798
88.0452
87.9849
87.9076
87.9321
87.9402
87.9295
87.5022
87.5915
87.6197
87.5548
94.5722
94.446
94.5187
94.5856
94.6359
94.5495
110.562
107.927
102.387
99.0771
95.3302
91.5014
90.3027
87.5687
89.1817
90.6417
88.0591
87.1849
87.9496
88.7569
89.0665
88.2937
88.0195
87.1544
87.3318
87.4717
87.3272
87.5248
86.6232
86.9238
86.697
86.7812
94.974
94.4008
94.5928
94.6966
94.9301
95.0823
106.016
108.854
108.695
106.724
102.009
99.1301
97.3859
95.2112
95.6202
96.5527
93.1228
92.0301
92.5543
93.0362
93.5943
93.3255
92.7774
91.5654
91.1987
91.7607
91.7851
92.1979
90.6407
90.5847
90.6746
90.6418
90.723
90.63
90.9553
93.0699
93.4268
92.8395
103.048
104.274
108.004
106.498
102.31
99.1257
96.6414
95.8751
96.7184
96.1501
93.1381
93.0046
92.6576
94.4891
92.8922
92.469
93.0192
93.3074
93.4262
93.5042
93.6428
93.5336
92.2885
93.1046
93.1114
92.6581
93.0244
92.9735
92.8366
93.5143
93.2155
93.1436
101.901
108.613
106.802
104.296
100.591
96.9606
94.3116
92.6842
95.9931
94.0956
91.2734
90.2795
89.7084
91.4991
90.9889
88.9453
89.2866
88.9518
89.1217
89.239
89.473
89.2937
88.9628
89.1931
88.9661
89.0234
88.657
88.8499
91.1033
89.8607
89.4614
89.6392
99.4673
110.684
108.589
105.517
100.763
97.2589
95.1525
94.1642
96.7689
96.9226
93.2711
91.6211
91.9814
95.002
93.9671
90.1139
92.1866
90.4278
91.1608
91.4913
90.5306
91.3186
91.602
92.0732
92.0458
91.5595
91.3552
92.6111
92.3299
92.1936
92.2194
92.3003
96.3766
112.212
119.66
116.999
111.914
108.728
107.779
106.471
107.442
104.568
100.636
98.9134
98.8354
100.353
99.6809
96.7682
98.4412
97.2294
97.4731
97.698
97.8467
98.8745
97.1159
96.9475
97.1323
97.45
96.997
96.5232
96.4949
96.4781
96.5341
96.4529
96.5228
114.221
115.634
115.852
112.603
108.577
109.108
105.593
107.278
107.394
102.021
100.222
99.4941
100.791
100.381
97.8849
99.7591
101.586
98.0411
98.6977
98.6803
98.7786
98.0028
98.0866
98.0133
97.8969
97.6086
97.6203
97.514
97.6434
97.618
97.6844
97.5996
116.51
118.704
117.704
112.626
108.45
106.438
105.371
107.352
107.669
103.274
100.709
98.9721
101.339
101.202
97.7092
100.06
101.421
101.59
98.245
98.572
98.8195
97.079
97.226
96.7637
96.4928
96.2902
96.405
96.2635
96.2058
96.274
96.4384
96.4627
117.327
117.565
116.946
111.977
106.817
104.717
103.937
106.446
106.632
104.144
100.16
97.6399
99.8412
99.9539
95.4291
97.5828
100.961
101.035
101.135
97.4361
97.9232
96.9505
96.3689
94.1142
94.1036
94.1854
94.2208
93.9765
94.0164
94.2306
94.172
94.1576
103.873
120.194
117.869
111.994
106.674
105.018
104.16
108.126
107.525
105.867
101.703
100.696
102
101.685
97.2227
99.0783
102.634
102.838
102.915
103.032
98.6886
94.9562
93.6517
93.552
93.4883
93.4993
93.5725
93.6834
93.7204
93.7939
93.6586
93.6061
114.401
123.311
130.832
123.608
122.755
120.689
119.197
120.567
118.064
116.048
114.939
112.688
113.479
112.274
107.418
109.222
112.453
112.22
112.604
112.405
112.205
106.111
107.439
107.528
107.166
106.727
107.263
107.575
106.232
107.798
107.019
106.395
122.442
130.437
132.324
126.439
123.629
121.43
120.439
121.911
120.645
118.018
115.221
113.838
115.194
114.238
108.97
110.567
113.957
114.419
114.717
114.005
111.408
110.576
107.006
107.095
107.11
107.074
107.084
107.105
107.126
107.212
107.179
107.23
134.579
130.013
130.725
123.203
121.456
119.347
117.963
119.316
118.654
115.663
113.749
113.322
113.421
113.095
107.863
109.208
112.792
112.98
111.953
110.147
110.224
109.665
109.577
105.718
105.721
105.685
105.625
105.6
105.637
105.566
105.587
105.495
116.255
126.709
130.813
125.432
122.809
120.868
119.654
121.539
119.261
116.52
115.397
115.623
116.528
115.764
110.722
112.541
115.145
113.98
112.303
112.098
113.515
111.143
111.13
110.986
107.25
107.456
107.452
107.454
107.481
107.511
107.561
107.459
118.704
121.642
126.815
121.454
120.655
118.72
117.578
119.553
118.649
115.858
114.699
114.075
116.26
113.92
110.275
110.176
113.106
112.592
112.28
112.327
112.098
111.679
111.573
111.459
104.218
107.5
107.636
107.383
107.632
107.721
107.614
107.835
121.307
129.138
130.425
126.117
121.773
120.88
120.031
122.039
118.886
116.318
114.934
114.863
119.203
117.661
111.087
112.059
112.875
112.236
112.144
111.929
112.081
111.081
110.975
110.846
105.37
105.357
106.951
107.132
107.039
107.101
107.026
107.148
125.005
129.217
130.399
124.133
120.871
120.284
118.702
118.758
117.806
115.503
114.019
114.056
116.281
117.347
110.279
110.728
112.043
111.415
110.792
110.688
111.087
109.843
109.201
109.242
103.626
103.68
109.037
105.524
105.537
105.584
105.513
105.758
120.197
132.416
134.539
128.838
122.784
122.361
121.12
121.773
122.459
118.925
119.008
118.228
120.304
119.889
113.292
113.655
115.626
114.794
114.954
114.918
115.895
113.356
113.04
112.89
107.141
107.062
112.678
112.654
108.779
109.179
109.088
109.101
121.426
129.575
130.885
126.025
123.388
121.519
117.654
122.231
121.186
119.127
118.292
117.59
118.981
117.709
115.211
114.641
116.819
116.453
115.749
115.036
114.806
112.953
112.384
112.137
108.743
108.582
113.381
113.64
113.545
109.685
109.573
109.79
123.186
133.001
133.722
127.569
122.151
122.253
118.621
121.134
121.491
118.456
117.608
116.906
118.176
117.805
114.084
114.686
116.135
115.366
114.915
114.219
114.294
113.358
113.13
112.771
106.303
106.078
112.216
112.198
112.187
112.143
107.757
107.939
125.024
132.408
137.737
131.33
126.262
123.287
121.37
124.831
124.22
122.325
120.472
119.679
120.489
120.199
115.72
116.225
117.353
116.9
117.478
116.635
117.23
111.821
111.683
110.887
105.324
105.051
111.043
111.085
111.559
111.733
111.88
109.223
